0
25
31
42
46
60
66
83
84
148
158
159
160
189
192
210
229
230
254
258
266
282
290
292
293
303
304
305
307
309
310
317
318
319
331
337
339
347
350
352
356
361
366
368
370
371
372
373
375
376
377
378
379
382
386
387
388
389
390
397
409
413
415
416
422
425
427
428
492
591
664
668
675
676
677
680
690
704
711
714
715
720
738
741
742
743
748
749
750
751
754
755
756
758
759
760
766
767
768
769
770
771
772
773
777
787
791
822
829
831
833
834
835
836
840
843
851
852
853
854
855
856
857
859
860
862
863
864
866
869
870
871
875
877
879
880
882
883
884
885
890
893
896
901
902
905
910
911
912
916
924
928
934
936
937
938
939
949
952
953
955
956
959
960
964
965
966
967
968
969
970
971
972
973
974
975
979
980
981
982
983
985
986
988
989
993
994
995
996
997
998
999
1000
1001
1002
1003
1004
1005
1011
1013
1017
1030
