0
3
26
32
36
44
48
62
65
69
79
87
88
152
153
163
164
165
194
197
198
205
217
235
237
238
256
263
267
268
269
277
279
281
282
284
285
286
293
296
301
303
310
312
313
314
316
318
319
326
328
329
330
331
332
334
336
337
339
343
345
347
348
349
350
351
352
353
354
355
362
363
364
370
376
378
380
381
383
387
390
393
395
397
400
401
402
407
412
414
415
417
418
419
420
422
423
424
425
426
427
430
431
432
435
437
438
439
440
441
442
449
461
462
463
467
469
470
471
472
475
479
482
484
485
488
491
494
507
534
549
553
556
557
558
585
652
658
660
661
662
663
664
668
670
672
682
697
722
728
730
739
741
743
748
752
753
760
761
762
763
766
776
777
778
779
790
791
795
796
797
798
805
808
809
810
811
816
818
832
833
835
838
841
842
843
848
849
850
851
852
853
854
855
856
857
859
860
861
862
864
865
866
867
868
870
871
872
873
874
875
878
879
880
881
882
883
886
888
889
890
891
892
893
894
895
896
900
906
910
912
914
917
922
938
950
957
959
961
962
963
964
965
969
971
972
973
975
983
984
985
986
987
988
989
990
991
992
993
995
996
997
998
999
1001
1002
1003
1004
1005
1006
1007
1009
1012
1013
1014
1015
1016
1017
1021
1022
1024
1025
1027
1028
1029
1031
1032
1033
1034
1036
1039
1041
1044
1047
1052
1053
1056
1057
1061
1063
1064
1065
1066
1068
1071
1079
1080
1084
1085
1091
1092
1094
1095
1096
1097
1107
1109
1110
1112
1113
1115
1116
1119
1120
1121
1123
1124
1125
1127
1128
1129
1130
1131
1133
1134
1135
1136
1137
1138
1139
1140
1141
1142
1143
1144
1145
1146
1147
1148
1149
1150
1151
1152
1153
1154
1155
1156
1157
1158
1159
1161
1164
1165
1166
1167
1168
1169
1170
1171
1172
1174
1175
1176
1177
1179
1180
1183
1185
1186
1187
1188
1189
1190
1191
1192
1193
1194
1195
1196
1197
1198
1199
1200
1201
1202
1203
1209
1210
1212
1213
1214
1218
1231
1232
1233
1234
1237
1238
1239
1240
1241
1242
1243
1244
1245
1246
1247
1248
1249
